   11  0.0000 0.0000
   12  0.0002 0.0002
   13  0.0004 0.0004
   14  0.0006 0.0006
   15  0.0008 0.0008
   16  0.0010 0.0010
   17  0.0012 0.0012
   18  0.0014 0.0014
   19  0.0016 0.0016
   20  0.0018 0.0018
   21  0.0020 0.0020
   22  0.0022 0.0022
   23  0.0024 0.0024
   24  0.0026 0.0026
   25  0.0028 0.0028
   26  0.0030 0.0030
   27  0.0032 0.0032
   28  0.0034 0.0034
   29  0.0036 0.0036
   30  0.0038 0.0038
   31  0.0040 0.0040
   32  0.0042 0.0042
   33  0.0044 0.0044
   34  0.0046 0.0046
   35  0.0048 0.0048
   36  0.0050 0.0050
   37  0.0052 0.0052
   38  0.0054 0.0054
   39  0.0056 0.0056
   40  0.0058 0.0058
   41  0.0060 0.0060
   42  0.0062 0.0062
   43  0.0064 0.0064
   44  0.0066 0.0066
   45  0.0068 0.0068
   46  0.0070 0.0070
   47  0.0072 0.0072
   48  0.0074 0.0074
   49  0.0076 0.0076
   50  0.0078 0.0078
   51  0.0080 0.0080
   52  0.0082 0.0082
   53  0.0084 0.0084
   54  0.0086 0.0086
   55  0.0088 0.0088
   56  0.0090 0.0090
   57  0.0092 0.0092
   58  0.0094 0.0094
   59  0.0096 0.0096
   60  0.0098 0.0098
